Data\Norm_map_zwobble_1_detectorSum_ROI_Cr.csv
[4.51281733 0.04620419 2.37687336]
[ 0.04236252 24.25192116]
[ 1.01169539e-05 -1.70424450e-03  1.04659799e+00]
[-1.43884379 -0.04705544 -3.26825262]
[-0.37181803  0.03997063  3.45319131]
[-0.30074407  0.01583928  3.05794489]
[-0.23407653 -0.11822634 -2.4223828 ]
[-0.21710608 -0.08942449 -2.37943124]
end data
Data\Norm_map_zwobble_2_detectorSum_ROI_Cr.csv
[4.38372674 0.04583713 2.68993606]
[ 0.04099426 24.34416812]
[ 8.67114840e-06 -1.44888089e-03  1.03824146e+00]
[-1.79429771  0.04660802 -2.68054674]
[-0.43280768  0.05128599  2.93711633]
[-0.30694144  0.03974426 -1.91449743]
[-0.25525794  0.12969331  2.76090638]
[-0.26325782  0.01605912  2.18591653]
end data
Data\Norm_map_zwobble_3_detectorSum_ROI_Cr.csv
[4.35837809 0.04557631 2.92844907]
[ 0.04275733 23.96589896]
[ 1.01320797e-05 -1.68589186e-03  1.04365073e+00]
[-2.03632324  0.04642474 -2.53201137]
[-0.6959047   0.0513351   3.15152693]
[-0.37274668  0.02249144  0.99927373]
[-0.3479326   0.04214601 -2.69519743]
[-0.32904019 -0.17158543 -1.20867771]
end data
Data\Norm_map_zwobble_4_detectorSum_ROI_Cr.csv
[4.36637994 0.04575885 2.72529647]
[ 0.0413698 24.0403596]
[ 8.59569605e-06 -1.42948502e-03  1.03726568e+00]
[-1.87403911  0.04667346 -2.70932258]
[-0.30390637  0.04167691 -2.38872972]
[-0.30285146  0.02311859  0.26811942]
[-0.32335764 -0.09008134 -2.24553002]
[-0.29464332  0.0518245   3.33955089]
end data
Data\Norm_map_zwobble_5_detectorSum_ROI_Cr.csv
[4.42288349 0.04587954 2.67266243]
[ 0.04154107 24.07307525]
[ 9.68993703e-06 -1.62297052e-03  1.04319095e+00]
[-1.752397    0.04671407 -2.7364067 ]
[-0.37151931  0.02281867  0.42201768]
[-0.3406233   0.04232545 -2.38490455]
[-0.25245523  0.34267804  2.23867285]
[-0.30281762 -0.09097138 -1.47146429]
end data
Data\Norm_map_zwobble_6_detectorSum_ROI_Cr.csv
[4.44998882 0.0459182  2.64933676]
[ 0.04018611 24.12253721]
[ 1.04131138e-05 -1.74954297e-03  1.04705713e+00]
[-1.69996293  0.04664585 -2.7051238 ]
[-0.30461488 -0.06395146 -2.44366235]
[-0.3677611   0.05101703  2.97610073]
[-0.23952016  0.07712664 -3.14810005]
[-0.23944333  0.18372528  2.51791317]
end data

Process finished with exit code 0
